9.349026904843265040e-01 -7.365845161317412237e-02 4.014691654649681085e-02 2.604005554245484438e-02 2.130585557195282392e-02 1.434172314313017157e-02 3.509187946463710600e-02 5.323920181205092639e-02 -1.976221446356852748e-02 -1.793580052435480576e-01 7.026000347936051105e-02 1.284935141071099907e-01 1.028952711318593949e-02 1.611138213690243431e-02 6.046554452194136120e-02 5.293543169995973408e-03 -6.838380382252895462e-02 -4.189561974118436588e-02 4.235919001628073860e-02 4.485686891851060204e-02 1.171105508485719843e-01 3.840301068752489944e-02 -1.904968745641107825e-02 -1.092616605370187385e-03 -2.979436216764034390e-02 4.215520899361095697e-02 4.760572519742312797e-02 5.310455373542462970e-02 1.886480483059610122e-02 2.414978092837578860e-02 -9.572253627041144020e-02 1.578798520388027538e-01 -1.478522951752653421e-02 2.134456514505298774e-01 2.659000439917471453e-02 -4.574866257178454854e-01 2.794994068870384693e-02 2.721070130081572058e-01 -2.542233640995669730e-02 -7.512140126488493774e-03 1.518378290259582430e-02 4.782039650007363640e-02 4.848332924244945497e-02 -7.526755458097084128e-02 -4.179626111522828820e-04 -5.201383562493325230e-02 2.347574756714999183e-02 1.039438544699750055e-02 -5.884865528834291870e-05 -3.518538342497411209e-02 -2.501304561838328319e-02 3.040477934021734718e-02 5.914993228490189603e-02 2.246461473446708934e-01 3.004733843106569338e-02 -4.847908715788593753e-02 -3.776269913620479701e-01 7.589997706182873005e-02 -7.022438572071375285e-03 -1.571993903502271958e-03 -1.360910704560538455e-02 9.982697315293752489e-04 -2.773813787512343851e-02 1.346459238490897020e-02 -6.424814408942040866e-03 1.680945170224856094e-02 1.331135854409895916e-02 9.794260452235924869e-03 2.846894479303997347e-02 -9.213989506976560462e-04 -4.392116105558128807e-03 -1.249701915941617107e-02 8.744614862555705193e-03 -3.189011688428131184e-03 -3.080085467877975713e-04 1.757327925772991795e-02 -1.579114310835796203e-02 1.796027605957358246e-03 -2.640432788037081618e-03 -5.979212826113660360e-03 -9.051700776073012475e-03 1.807791390542199880e-02 -5.314532999249575729e-03 -4.215280553956085932e-03 -5.585095488849296103e-03 2.305516230797460125e-02 -9.942000153207257093e-03 -6.402195933967133948e-03 -4.792029493244955030e-03 -3.851022504578983235e-02 -6.900648445187194946e-03 5.299796510416682725e-03 -7.511386846080699529e-03 2.706276793397134530e-03 1.634892309227394327e-02 1.859867184098128743e-03 1.177596990486377490e-02 2.514794453702031123e-03 4.386265167596304325e-03 -1.945140665550053674e-02 -7.459354441418594890e-03 8.969969647913276362e-03 6.481415250885163258e-03 -1.419050234763813596e-02 -1.457508455442950868e-03 4.166588184977505251e-03
-7.365845161317412237e-02 1.000263583700564007e+00 2.897640362383822193e-02 3.373278147131942000e-03 -8.038381610318869053e-03 -1.630293758821542427e-02 -8.890870540721683077e-03 -1.886788892882806674e-03 5.575696386291057946e-03 4.228090401759655725e-02 -2.804216319605372723e-02 -3.802865502404320641e-02 -1.225608930102074084e-02 -2.687376189246321522e-04 9.450802950986480436e-04 1.149729136833135303e-02 6.702112105468836442e-03 1.228334740427424777e-02 3.156766942395883985e-02 3.988544630859330170e-02 -1.774736937927252640e-03 1.782015589697248659e-02 5.246679479007291050e-03 -1.578364450568185695e-02 -6.937742990488847405e-03 1.215363211979831378e-03 -2.406318263395837431e-03 -2.100498714882925028e-02 1.743134833145667736e-02 -1.729177577257765984e-04 -7.129135752077836626e-03 -1.421256211049027121e-02 9.496003993291583789e-04 -2.191798243958459347e-02 3.515746505246950329e-03 3.259036051567602149e-02 2.622508642162897641e-02 -2.607644226382647284e-02 2.636127779489069040e-03 4.461353611316553301e-03 8.723759112354274523e-03 -1.758338600747971769e-02 -3.271223901206463808e-02 2.957506223014202962e-02 8.978204024716728709e-03 -4.919166600780146108e-03 3.183266502486039890e-03 -1.262363163124708212e-02 1.689511719457565536e-02 4.278323753185009695e-03 2.729855773550582312e-03 2.184578128851879207e-03 1.286141234152913182e-03 -1.739241949837763354e-02 6.465329130317304385e-03 2.233861234607033633e-02 1.088255622514861139e-02 4.035556520238435703e-03 -1.563545343916800806e-02 -6.222823376245649463e-02 -5.408644048493889411e-02 1.177998762436813923e-01 5.078970275164670922e-03 -5.592140416933361058e-02 -1.192816588878667372e-05 -3.573250561937451469e-03 -4.663365192945658627e-03 1.352697266988099438e-02 3.064532892862476682e-02 6.101696430067333945e-04 -2.558727146207778313e-03 3.767961344308869837e-02 -4.961418385362874849e-03 9.436585194197389878e-04 -6.927723777033548396e-04 -1.367079312727719625e-02 3.602891185709269917e-02 7.844317888614987105e-03 -1.162904506496656443e-02 1.568730826078668095e-02 7.328477198528586707e-03 -1.182385729186772910e-04 -1.226995117742049786e-02 -7.800402004015351753e-04 -1.261085045096072173e-02 -4.494905947832572406e-03 1.207049295612516032e-02 -5.014592383529182379e-04 5.366266627002623177e-03 1.298659453109513584e-01 2.778354361977706383e-02 3.460979368341057186e-03 2.654365686624453324e-02 -1.986996628411177163e-02 -2.235785908150623395e-03 -1.015699169273986437e-02 7.302809221309717463e-03 -3.946312988237783703e-03 -1.571646918340490612e-02 2.118258318437111348e-03 -1.677308485018263800e-03 9.036349128277764223e-03 -7.393397114121351421e-02 -1.185669175054117688e-02 6.257536755927587194e-03 3.510011126864724402e-03
4.014691654649681085e-02 2.897640362383822193e-02 9.501130144228092655e-01 3.417323678094770327e-03 1.380831635933000255e-02 1.779564148147596003e-01 -9.825383544017091825e-03 -4.677337681320904716e-02 3.594390780741084888e-03 -1.586438442867732154e-02 5.274868713405757997e-02 1.006440418745010446e-01 -2.614178435305771625e-02 9.011090477674266056e-04 -4.859273430743912131e-02 1.875799403211325656e-02 2.276803066938034095e-03 8.878299457413564577e-03 1.589906695571171452e-02 2.939608704637453399e-02 3.959400432195592234e-02 2.762509512700574155e-02 -2.857953833639113872e-02 -1.774045642210850954e-02 -1.390765162343310206e-02 2.594437346336655754e-03 4.245766692863785219e-02 -2.838513374882177184e-02 4.936477481953793593e-03 1.555531638748222471e-02 -4.732219549332758457e-02 -2.013367852406997838e-01 -2.072786389132797585e-02 3.364705738675927149e-01 -2.801889273695983701e-02 -1.042580987402486614e-01 -9.239159595402271496e-02 -1.718853937595168635e-01 -2.449586265421166698e-01 1.182428636973014389e-02 2.264098319085011135e-01 -6.898650452129273351e-03 1.101546302186102999e-01 1.117453913116332465e-01 4.529415239018626249e-02 -1.174449812334214943e-01 -7.780996413374892395e-02 -6.955135754775310097e-02 5.670061396358081623e-02 -1.729694404073899364e-02 -2.484710023748123997e-02 1.390248607687157856e-01 -4.829054539822756620e-02 4.928543958390041446e-01 -1.271108119187946695e-01 -2.025552214469130557e-02 -5.293749056906328632e-02 -2.936734243707423420e-01 -3.450089316231671477e-01 -1.611241703425672980e-03 -2.438226815965780447e-04 -9.598280466781132503e-02 -8.898464160611957788e-03 8.314803050263715190e-02 6.962568083882845690e-03 1.209419103979742774e-03 5.075915310341415181e-03 -2.144897627526287437e-04 -1.055476760302708795e-02 -1.146027944912399177e-02 1.343379236705317037e-03 5.371429709133051372e-03 -3.605796189307401006e-03 -9.835824341685948588e-03 -1.817621564115225533e-02 1.040536790971808082e-02 5.722298951480859174e-03 -5.708246349770177384e-03 -9.819187709787386906e-03 -4.855577484157862049e-03 -2.208805334718639190e-04 -8.156329313990844099e-03 2.002219650372782586e-02 1.099879091907956206e-02 3.096246429474250848e-03 2.514892419012792688e-03 -2.161491521728654830e-02 -5.066859236272720085e-03 -7.629627210644666577e-03 4.622285846081333749e-02 -9.453899003033115409e-04 -5.821227178970271761e-03 -4.787229623315077121e-03 -7.818361248742895439e-03 3.510340594696061307e-03 1.605922379572657672e-03 -1.253306652908511669e-02 -3.741615023170595435e-03 -1.277896850649687562e-03 3.463013201156280030e-03 -1.322949623237652805e-02 -1.247498984603302372e-02 -1.638234499629157709e-02 3.123541697993797387e-03 5.891465101786040777e-03 1.507088534005896277e-02
2.604005554245484438e-02 3.373278147131942000e-03 3.417323678094770327e-03 9.371341815135397768e-01 -6.425714655144659782e-02 2.628199120270134984e-02 -2.176403410928565499e-02 -1.565834377421225845e-02 -3.343937075280821783e-04 -2.220866286299495729e-02 7.127423548446645829e-02 2.399150383823583227e-02 -1.278508626914520024e-02 6.127812693452722821e-04 3.171614695917215898e-03 1.195037230536817206e-03 -3.200206899237909540e-03 -2.308816234901629391e-03 -1.421423610220369678e-03 -2.270717817132866367e-03 -2.855008836508925521e-03 -2.933431851035443738e-03 -1.214046195081333601e-02 -1.164236083335787320e-02 -1.838304005226559443e-03 2.448374131144225030e-02 -1.763565926936828954e-02 8.020410986238377810e-03 4.330602458287992861e-03 1.419212708113887500e-01 -1.892682597956174551e-02 6.979452889956727808e-03 -5.285676151407603038e-03 -1.053185061039168743e-02 2.527904732334985711e-03 3.011398118156757148e-03 4.340565231780882903e-03 3.140569988383747416e-03 -9.163752085955717205e-03 -1.316258815949471889e-03 -2.099962755366056866e-02 1.572818906845270190e-02 -4.909058201780320749e-05 -3.121450719154257418e-03 -9.658778571117979106e-03 -7.230035423036131406e-03 1.125715366331602428e-03 4.333877724870315723e-02 -1.267101777674845865e-02 5.686936686400936164e-03 -1.673830123811943446e-02 -1.191706297420511151e-02 3.145758639119121576e-03 -5.964688701615167982e-03 1.275370086886890887e-02 -3.459268187855482407e-04 -2.685303491481254995e-03 2.415823513634062468e-03 -1.106675050523332413e-02 1.435213058381841749e-05 5.622813357211773125e-03 -1.081992884937541585e-03 5.974502603523853747e-03 -3.412150367235846412e-03 -1.923644713568478572e-03 -5.382454323344873504e-03 -5.666811851570426918e-03 -4.934881279776265860e-04 -5.994392844624147829e-03 8.652913175927028078e-03 -8.969425429229357406e-04 -2.149922942733368495e-04 -6.049256129056324038e-03 -5.022752217424828261e-03 -5.040290832909823798e-03 3.562482155919603896e-04 -9.365086782654349863e-04 -2.513137950838074432e-03 -1.510497597168018887e-04 -4.053878960019298232e-04 -4.785277831852844527e-03 -2.521825433786438302e-06 1.736743837466320217e-02 2.250987407921683711e-03 -1.783779722979461115e-03 -4.725185719430207917e-03 -6.749750956951854671e-04 5.890037269716165078e-03 -2.126123958017909522e-03 6.798962902735609763e-04 -1.110689327502513814e-03 -3.465346290818497764e-04 -1.475507978183607715e-03 -2.795834138502419249e-03 -1.967331545815797188e-03 -2.023287756294715137e-03 -2.194498111792932138e-03 -1.798157737325235686e-03 8.048580489619245812e-03 3.964736050236275164e-03 -2.571947772207749342e-03 -1.213820219121017124e-03 -3.666166136184421595e-03 1.725036889733070310e-03 -4.197573411291207271e-03 1.480375645223468151e-02
2.130585557195282392e-02 -8.038381610318869053e-03 1.380831635933000255e-02 -6.425714655144659782e-02 9.730803663612717092e-01 2.049977676145612465e-02 2.265884372639037810e-03 1.325651782256246150e-02 -2.190987902286008638e-03 -1.787729219855634447e-02 7.509583174705963468e-03 1.768338270958381975e-02 -5.200695361344695455e-03 -2.376150245588961544e-03 -1.869840879999877439e-03 -4.852874573675214180e-03 -5.310558380257334246e-03 -7.685208219796697132e-03 -2.801022683274209148e-03 2.741622558083184683e-03 3.848242566672486695e-03 -8.498000108273048858e-03 4.176632685117401614e-03 -1.218192374377794623e-02 7.135749565511765279e-03 2.968781218675251021e-02 -8.641742329386678523e-03 2.222764095516556807e-02 1.969869360829252722e-03 2.239749067568776522e-02 -1.212086861241297442e-02 -2.566857099373995657e-03 -7.927821208933625435e-03 1.276724277154983773e-02 -1.103637298895623724e-03 -1.157778033804321947e-02 -2.481388715473588098e-03 4.245530034059820032e-03 -1.158971548858284822e-02 6.391731137870074186e-03 2.384920356344180301e-03 1.742737893854595654e-02 -1.261457596082758790e-03 -8.862845595533821313e-03 -5.301629723010648290e-03 -1.680678900401644249e-02 -4.862397172364295653e-03 1.773047425852136705e-02 -5.018866626769283475e-03 3.638783678105309352e-03 -3.947558620320504481e-04 -3.899765054690513752e-04 -2.001354697561561792e-03 1.459971282973268440e-02 1.242233510589870263e-02 -6.635641831059481063e-03 -1.443377277718491287e-02 -1.858413350390922952e-02 -2.470486345468629868e-03 -8.641772981980915674e-03 3.571180513902458536e-03 -6.999629850462328433e-03 -4.255890111863518468e-03 7.587967433501027759e-03 5.438236014993877605e-03 5.228109685608396326e-03 1.284516679300409109e-02 -2.691412764954295451e-03 -3.630601058452310494e-03 -6.378607863490651925e-03 -4.824045588525737588e-03 -6.066376016063622714e-03 -4.594065463483316437e-03 -9.215502668673020148e-03 -2.545912098605750302e-03 1.607497234977273495e-02 -3.682382500411484922e-03 1.063194441159114826e-03 4.027346793962471166e-02 -2.656150387634595780e-03 4.260888340073616838e-04 3.451275556309390657e-03 3.055386602966459961e-03 2.669333976301260618e-03 6.505825777219104850e-04 -1.132065160749067337e-02 -9.273397456854222051e-03 -5.368516130690564533e-03 -4.405136124098027461e-03 -1.211447950022550429e-02 5.093884986649911857e-04 -2.270536684597376700e-03 3.797304751859695640e-04 2.073649473146987193e-04 -5.019834413933714490e-03 -5.285294594703782156e-03 -1.193795015713540377e-03 -4.322896324082995366e-03 9.720029867031972082e-03 7.029594931979797276e-03 -4.340114588627602341e-03 1.166648890561132988e-02 2.960755775195209917e-03 3.764251165962623127e-03 -6.610210744376673192e-03 1.139530877759786093e-02
1.434172314313017157e-02 -1.630293758821542427e-02 1.779564148147596003e-01 2.628199120270134984e-02 2.049977676145612465e-02 9.392311971720446184e-01 -3.843752852140322473e-04 2.606034244827859503e-03 -1.404069884592673220e-02 -7.470435873489049416e-04 9.070850236460437088e-02 8.304513608386789036e-02 -2.623694526234743654e-02 -3.233946697758134387e-03 -1.454127472674952570e-01 -2.945715419182748374e-02 -8.295993014267279142e-02 -3.253767704890524193e-02 -3.863715042102713881e-03 -1.098130151068334170e-03 4.911441976873158650e-03 -1.099452067830676213e-02 2.169415986680274001e-03 1.716039633150321514e-02 3.467672550788536423e-02 3.385223081496580716e-02 3.838925523135354456e-02 2.383984512974783587e-02 -7.961682717843455992e-03 3.658738906280655651e-02 -5.475510069221103948e-02 5.730621626989308021e-02 -1.491922402819152943e-03 1.108986662323573624e-01 1.177442328886034190e-03 -1.250152194552714979e-01 1.243855303577942606e-03 -9.457852241659678305e-02 -6.513758951093308325e-02 6.378116400824218948e-03 5.890637721817871403e-02 8.862457373214455147e-02 1.058129521594600858e-01 -2.258223459791853724e-02 2.380495859814759155e-02 -1.182436667254805340e-01 -2.998225162791957193e-02 1.887100754724789844e-02 1.923616005700552745e-02 1.142359067274802825e-04 -1.838448914296799200e-02 8.555523797372643902e-02 -1.460322886477190829e-01 1.534200298566791021e-01 4.836512550590348070e-02 -2.697896141640943046e-02 -1.967864969413290477e-01 -2.320340839366609800e-03 -9.283571840546675502e-02 4.158183958004626340e-03 -6.547696374767231556e-03 -3.456969409155700307e-02 -3.721992635294802364e-03 3.195161625443554421e-02 -9.943292779747833418e-04 -2.761194617844791623e-03 -8.420912562767113307e-03 6.130805048406114859e-04 -7.369045210574330824e-03 1.301379254641547335e-02 -1.649821424753170453e-03 -1.193752957434834547e-02 6.705731258777513672e-03 1.050647818390594568e-02 3.794521073831832493e-04 8.445612850086835904e-03 4.615720779607289555e-05 -5.648753413094230978e-03 7.001771393781233699e-04 -7.376798653385421671e-03 4.589741546824607017e-04 -5.249236845364891810e-03 1.504772882810808104e-03 6.976850620208950755e-03 5.572471033061525587e-03 4.110042223058248470e-03 -2.940457272204589651e-03 6.251494899196102795e-03 1.417093972282125382e-03 1.113497099921151659e-02 -9.249521467150372336e-03 6.302864574405485018e-03 -7.198380924324830968e-03 -5.897610830964485767e-03 -8.315919178438154619e-03 6.806403512084531829e-03 -5.344313869607186449e-03 1.187671104553335126e-03 8.408224678313896971e-03 -7.521234533424102538e-03 1.017497435745495955e-02 -4.477161468672550756e-03 -5.949375259964950410e-03 -9.181551272258260676e-03 6.559661030526953845e-03 9.621680858696930044e-03
3.509187946463710600e-02 -8.890870540721683077e-03 -9.825383544017091825e-03 -2.176403410928565499e-02 2.265884372639037810e-03 -3.843752852140322473e-04 1.004072811598226478e+00 -4.786613183417980089e-02 -2.359080270542106891e-03 -2.608874492033200210e-01 -4.086894620236843079e-02 -5.197574591344227002e-02 -3.609995697812220378e-02 -2.558448249926251628e-03 -3.758724965966411119e-02 -1.801262282885996574e-02 -1.933967299431641612e-02 -8.540922900769047296e-03 -1.019454354201746078e-02 -1.300795506530393920e-02 -1.876564755249923375e-02 -1.386647975311219340e-02 2.740552082679656096e-02 -2.077658150433043215e-03 1.546923835903645655e-02 -5.690080491252565674e-04 -1.395175291307738583e-02 4.562173136489962658e-03 -5.385032453161183591e-03 8.901398037713552369e-03 2.022357304140740691e-02 2.709814032351829868e-02 1.645945211687645932e-02 -1.437407552595915475e-02 -4.585716873536193131e-03 -8.049373289151957878e-03 3.662118929628225758e-04 9.585456414528317065e-03 1.200940230111476326e-01 8.987858809366493229e-02 -3.031492971042654833e-02 2.203749711028896510e-02 -1.846871837114150844e-02 -1.087247273782600103e-02 -3.032350492787138502e-02 -2.829588064479446330e-02 -9.270085443320813176e-03 2.117257223796668170e-02 1.105476928784168179e-02 -5.492121142771966974e-02 3.714865153660638908e-02 -1.877573879106792659e-02 -3.766933223015393045e-02 -8.235183117451114893e-03 2.185366473417965985e-02 -1.918560900708533076e-03 -2.725204846865556321e-02 2.265189145533529069e-02 -1.059576740882100208e-02 2.002176685732802441e-02 1.645931947196104667e-02 4.918723072559593595e-02 1.901985254004780451e-03 -5.530133552078428383e-02 3.423867617891699321e-03 -7.505173980054194449e-03 -3.954418273656079043e-03 3.692022161824096756e-03 -9.615857100983817018e-03 -6.515377739354009587e-03 -4.127889086408090789e-03 -1.118935024329206340e-03 5.300372940821661272e-03 -6.731875035759345149e-03 3.202066221413989514e-03 -5.322738478236201110e-03 -2.049888261289143677e-03 -5.538114742443827135e-03 -1.065625638269644768e-03 -2.859929974291907338e-03 -4.857661928062835879e-03 -3.175497760719633768e-03 -6.932506115005857873e-03 4.166346199056774995e-03 -4.376701127785816853e-03 -4.154947900628058223e-03 -8.594525227953848934e-03 5.004573627226104396e-03 5.325980049276620235e-03 -1.911893493141521641e-02 2.126830115722032344e-03 -2.444732027314224908e-03 -4.556453765140937827e-03 1.436380280556584337e-02 -2.740935841904166941e-03 6.484094541758852331e-04 1.390972382718932629e-02 -3.484206174176403010e-03 -4.273634378143164464e-03 -8.184549049079271194e-03 -3.693818838096797445e-03 -3.485935575356948184e-03 1.360802392896611965e-02 1.947657587700237208e-03 -4.880698017296207156e-03 4.049044456157701796e-05
5.323920181205092639e-02 -1.886788892882806674e-03 -4.677337681320904716e-02 -1.565834377421225845e-02 1.325651782256246150e-02 2.606034244827859503e-03 -4.786613183417980089e-02 9.996480745636510123e-01 -4.071211661593350344e-03 -3.946991040106259119e-01 -5.327359808238393141e-02 -7.637247023838429627e-02 -5.320021228420231119e-02 -4.415273393088585061e-03 -6.066292789155060955e-02 -1.681793294384787904e-02 -2.480546215635612631e-02 -7.917097067951165204e-03 -9.422723010940462982e-03 -1.282126561935867208e-02 -8.803342830354943249e-03 -1.002067087250642884e-02 1.153471314544574425e-02 -4.131201493853194594e-03 4.094020517804736192e-02 -4.071481771159431509e-03 -4.136075069218327765e-02 1.234641467213877242e-01 4.226321339550111016e-03 -1.283312607702870485e-02 -2.474419960506418076e-02 3.628611661851423309e-02 -7.593626400211111668e-03 1.062913515770343717e-03 -4.612955674878736409e-03 -3.286120195783842624e-02 -2.285926445538381552e-03 2.084794424417970790e-02 2.217830185502933649e-02 -3.946778293820792961e-03 -4.473252622584388688e-02 -2.217925738531548521e-02 -2.531435151325344551e-02 -2.084157470180395336e-02 -5.879988024423184190e-02 -3.864996629545774335e-03 -1.591706064039994858e-02 1.614937256122302156e-01 2.257830884392834081e-01 -9.144453571186492158e-02 -2.013003354279943591e-02 5.813491287332875866e-03 -6.081161640941482038e-02 -1.161738061953558263e-02 2.342695135977969443e-03 -1.049978946459260640e-02 -3.111197831216313409e-02 3.614941274931058462e-02 3.132443644479278311e-02 2.120054473316411794e-02 -1.993664301302507796e-02 4.165406970099828909e-02 -6.796682124324333885e-03 -2.913793351359322478e-02 -7.013686881883765545e-03 -1.989136332307612706e-03 -3.516310564037177996e-03 -1.010613380590710472e-02 -6.372127947679563295e-03 -1.892274511209331590e-03 -1.786347887757497917e-03 -1.261383234879832199e-03 -4.325271461425991490e-03 5.602127414142847768e-03 -4.524166677751509033e-04 -3.352905745702994787e-03 -1.519221176305294869e-03 5.244055085801292357e-03 -1.839016492822499998e-03 1.945380294980768353e-03 -1.388652562925430430e-03 -4.904010962133048893e-03 -9.655248108089622278e-03 -6.121515113301979893e-03 -6.727266544461800273e-03 -6.120352374081398580e-03 -1.889440976696805941e-03 -9.291781470587198374e-03 4.156198579389255160e-05 -1.833191055502131350e-02 1.797401320379164724e-03 2.197680055968146817e-03 -2.954609376599578313e-03 -8.234184821738833523e-03 -4.789236025148373502e-03 -3.937368664076897756e-03 -1.227766468971176056e-03 -5.190862414464729110e-03 -1.293691392906460257e-02 -3.682575127694045873e-03 -5.686814102572519160e-03 -5.774221443872291741e-03 3.077618670371760207e-02 -2.652505395484555141e-03 -4.351957640301093444e-04 -9.061406949022302731e-03
-1.976221446356852748e-02 5.575696386291057946e-03 3.594390780741084888e-03 -3.343937075280821783e-04 -2.190987902286008638e-03 -1.404069884592673220e-02 -2.359080270542106891e-03 -4.071211661593350344e-03 1.166546161853234009e+00 -2.599595756076051450e-02 -1.817461328416482844e-03 -4.583012845105840366e-03 -3.224101696329749554e-03 -3.984309234162285379e-04 -4.745826703211664110e-03 2.521429691402137310e-02 8.534906936862898114e-03 -2.320516800797554034e-03 -1.503202225594113192e-03 -2.144324788682908448e-03 1.423768597267460398e-02 -2.670346583748681862e-03 -3.015255861015973468e-03 -3.440006152479188790e-03 -5.724647192696217732e-03 -6.576755374775576125e-04 -7.593839577830342399e-03 -2.330771738864013953e-03 -8.386190547337813925e-04 -7.998574417637446810e-04 1.888781412876347444e-03 -8.980425457666520780e-04 -3.275077346381483762e-04 -6.464900218418463858e-03 -2.272800472088717244e-03 1.074177224111982389e-02 -3.750258630652163108e-03 -3.478986757952477141e-03 -6.906652784334933910e-03 -2.999823654488724053e-04 -6.461043775543608148e-03 -4.319787946519612100e-03 -3.453723147978023187e-03 -4.247169821289194930e-03 -4.936893293064036937e-03 -7.043635741932660621e-03 -1.422326032557545868e-03 -4.691658627334226693e-03 -2.096046116997706942e-03 -5.692037129774739183e-03 -2.565056333126540695e-03 -4.048499630199559746e-03 6.694965356263565814e-02 -1.004291378166272987e-02 -6.027938497252460608e-03 -3.683502116767110261e-03 2.362209457301474996e-02 -7.144778089638481600e-03 8.612990554255734246e-03 -1.892180191055263007e-03 -2.937163270315500032e-03 9.897518915047594235e-03 -1.736782675099818578e-03 -5.858102417040537101e-03 -3.450760408790053547e-04 -8.996517920984411013e-04 -7.371160377808709963e-04 -8.647421379580133355e-04 -8.770879945561755068e-04 -9.493894680748308753e-04 -4.454951931609689528e-04 -1.108100297251397859e-03 -8.552008329888446470e-04 -4.578284211875918784e-04 -9.385249432156602409e-04 -4.506611658911127368e-04 -9.561381189502764265e-04 -7.095473918076942955e-04 -1.659514540049635716e-04 -4.453811174783395667e-04 -3.939968586730342877e-04 -3.427100289473915522e-04 -7.033376378807702908e-04 -4.323575758322478996e-04 -4.639692907374115246e-04 -6.484989556113944422e-04 -1.081110946776413489e-03 -6.061221516296272111e-04 -4.845549267629046413e-04 -2.923737647735694112e-03 -5.692562095466759901e-04 -3.807217281708295581e-04 -6.119871694488772731e-04 -1.192027405594676785e-03 -7.479170249966785164e-04 -5.883493704577417950e-04 -1.164423340968841203e-03 -3.259889373404029783e-04 -8.831092508888634812e-04 -5.355283447139972145e-04 -3.939968586730130374e-04 -4.791881456107152919e-04 5.996698900288660421e-03 -1.020904061143687765e-03 -3.461106619734911644e-04 -2.293372220738184360e-03
-1.793580052435480576e-01 4.228090401759655725e-02 -1.586438442867732154e-02 -2.220866286299495729e-02 -1.787729219855634447e-02 -7.470435873489049416e-04 -2.608874492033200210e-01 -3.946991040106259119e-01 -2.599595756076051450e-02 9.873871857605167612e-01 -2.719111446914214136e-01 -4.349542830816305328e-01 -3.037063080931213244e-01 -2.819289913826838676e-02 -3.707240376445021801e-01 9.975143210456696025e-03 3.060424537488657531e-02 1.615525224611323585e-02 1.522229276322817348e-02 1.799131295212853809e-02 -1.884287942022912568e-02 8.206554004987768464e-03 -6.470655512388021405e-03 1.499567176585844819e-02 -1.907841454969232825e-02 -5.432733595153789452e-02 5.616367495245418173e-02 -7.805648964416352087e-02 5.392476283521575355e-03 -6.083436068914072070e-02 -8.578515807621100303e-04 -7.073055890720365488e-03 -2.634431182681189199e-03 -6.068239638685571369e-02 4.767740833615767906e-03 8.120179360970253279e-02 1.120615541924182765e-02 -4.575647957117186249e-02 3.602127268088235051e-02 -2.391904783024210654e-02 6.527948187718843331e-02 -1.130772944076195718e-02 -9.450498430638985814e-02 9.704666259221422786e-02 1.382585243556834209e-01 8.371900652178221325e-02 4.002578301988656689e-02 -1.019078405284055966e-01 -1.205682806996212775e-01 8.355006070598208767e-02 3.968713148722233242e-02 4.957599997344536158e-02 -3.717012810776346154e-01 -5.251824856217562898e-02 2.140047215050026180e-02 2.935751789743760651e-02 4.353693855149707442e-02 2.195238137353533892e-03 -2.394506166329323296e-02 -1.838221623694622289e-02 -7.759671169761951344e-04 -6.981533235555600903e-03 1.391269683733302974e-02 7.731674657719310451e-03 8.198398525428727407e-03 -4.563428727621423632e-03 -2.940432178158476455e-03 5.846260464896427603e-03 4.893306892589520569e-03 1.148865535524281646e-02 8.638255652782533822e-03 1.052880838819552668e-02 1.733259434128256796e-03 -5.384180276192958824e-04 3.999617253538732993e-03 -6.378787635050743240e-03 1.981934628123661890e-02 7.391394604975792468e-03 4.625374547722788804e-03 -9.550744593935999241e-03 5.535540271591046779e-03 -2.744234431694988693e-03 1.868431760945455343e-03 -4.641281902105744844e-03 1.414876216038763249e-02 -4.913788453740766844e-03 1.565651673005421032e-02 3.826479947248034169e-03 5.742801662001252930e-03 4.366852924669648722e-02 3.528140410021085582e-03 3.701783139445395600e-04 1.156690616237665732e-02 1.659549395112788414e-02 9.177066762589686927e-03 5.296927659679590353e-03 5.849985836639757728e-03 2.259141580523711668e-03 -1.651921442215568275e-02 -1.446092464562334472e-02 -6.687890925536631864e-03 1.896229897588109451e-03 -4.042667163813261355e-02 8.695885823910001408e-03 6.841302831311451595e-03 3.568424462342947075e-03
7.026000347936051105e-02 -2.804216319605372723e-02 5.274868713405757997e-02 7.127423548446645829e-02 7.509583174705963468e-03 9.070850236460437088e-02 -4.086894620236843079e-02 -5.327359808238393141e-02 -1.817461328416482844e-03 -2.719111446914214136e-01 9.640980024423730921e-01 -5.706102693151215294e-02 -3.943347098432345432e-02 -1.971056607551656230e-03 -3.432639697940133294e-02 -2.660427282464403794e-03 -1.156925647545872099e-02 -3.841189012849435119e-03 -3.006332705790374510e-03 -6.977010126308249086e-03 -2.436022954931990614e-03 -6.012211451382632604e-04 1.831328610679429890e-04 -9.603130349214129488e-03 1.709655685844726353e-02 1.112844027810561826e-02 -9.302027570945739510e-03 -1.236548711028740560e-02 -4.148688095993066129e-03 5.389354684000163126e-02 -2.183493110510092722e-03 -8.121775631754325417e-03 -6.948564144754205106e-03 4.662609100834125275e-02 -8.527876576973604517e-03 -4.175152820415502924e-02 -4.505268861917086955e-03 6.451409869917836513e-03 -4.002190794802247542e-02 -2.320691885378210143e-03 -1.584024252127582549e-02 9.799585487153536500e-02 2.734045732153989744e-02 -2.476155686767513714e-02 -2.840185950980476937e-02 -2.530383139083408270e-02 -7.245100116307469709e-03 -1.812767955792512348e-02 -2.478890130463904523e-02 8.699698542205322460e-02 -3.135834483719321386e-02 -1.750015717141175514e-02 -3.438065147726807741e-02 5.739115416414396903e-02 -1.807052317205018119e-02 -1.321700999411730935e-02 -2.266539855190029609e-02 -1.720167629291566649e-02 -2.106814832526635733e-02 -1.019635939431072155e-02 6.581761305862651387e-03 -3.641534406397246154e-02 -6.306742759901432308e-03 3.166870864355528919e-02 -5.994310503789576985e-03 6.209586712038977704e-03 -8.639329719757423212e-03 -4.981363801168339940e-03 1.768454195807125234e-02 2.792603038155719742e-03 -4.136674560525687404e-03 -3.991535167279704893e-03 -8.342163271698697924e-03 -1.361797891215068418e-03 1.434451043324722064e-05 1.173357243858724752e-02 -5.767116001643614147e-03 -2.463023842563148106e-04 -8.209696856482827853e-04 1.622732145929497299e-02 -5.499335191260503256e-03 6.272367245878054942e-03 7.428049207036688945e-03 1.421229757695585075e-03 -4.426625169497129877e-03 -1.804302547869826145e-03 -3.862122027740745416e-03 -2.175154722630849580e-03 -3.748562635930161816e-03 -9.126493676533125807e-03 -3.742285426570320442e-03 -1.883448381755818603e-03 -3.983371631913565185e-03 -1.130163906447436729e-02 -7.871932488900432179e-03 5.579644074208267926e-03 -8.392748126989481652e-03 -3.734145846975420700e-03 1.447732294975164966e-02 1.568292397271137464e-02 1.885091933098530237e-02 4.937598255927328449e-03 -7.563562961608649715e-03 -2.351803648412751843e-03 2.827030249349078619e-03 2.612116340772815265e-02
1.284935141071099907e-01 -3.802865502404320641e-02 1.006440418745010446e-01 2.399150383823583227e-02 1.768338270958381975e-02 8.304513608386789036e-02 -5.197574591344227002e-02 -7.637247023838429627e-02 -4.583012845105840366e-03 -4.349542830816305328e-01 -5.706102693151215294e-02 9.847088571401256818e-01 -5.835377300120231370e-02 -4.970327351453210363e-03 -6.758018637066524892e-02 1.005763573762055892e-03 -1.805379803479853149e-02 -1.423417171359789464e-02 2.002293182633470454e-03 -5.784990947705109104e-03 4.015055533137715238e-02 -3.482037758558854945e-03 -4.442075775566494897e-03 2.710202947420442543e-03 -1.223154749486759542e-02 1.425995241074763491e-02 1.300324587997292794e-02 -8.689189282692945382e-03 -1.046156555684718201e-02 7.110735766897094412e-02 -2.277362605908477694e-02 -1.683484007350254455e-02 9.922462069321693300e-04 1.067072721231592386e-01 1.183674490393624157e-03 -9.298341445850433207e-02 -1.669373148654320488e-02 -5.363614597034365578e-03 -8.536583092161430242e-02 -4.388271356719909699e-03 7.467364632832249050e-02 1.819486640536615435e-02 2.303523891332341922e-01 -4.977826970692813408e-02 -5.503373558309428148e-02 -2.482900961773508094e-02 -1.790438867974095474e-02 1.218004532535193508e-02 -3.598027321737733847e-02 3.757555211293137076e-02 -3.180314521174178177e-02 -3.372206671072615000e-03 -6.774875281846093333e-02 1.096299548015693820e-01 -3.291374472578917354e-02 -1.499733070471303935e-02 -6.907254759295600177e-02 -3.642763385811548238e-02 -2.935672035229237344e-03 3.888904850850317604e-03 -9.702906466033544078e-03 -5.672745385351610214e-02 -1.490886005519048187e-02 5.500120933150914188e-02 -2.332310329839275883e-03 3.585949461113960984e-03 -3.839576964900425979e-04 6.872765723355492989e-03 3.425480101853597883e-03 -6.823759882345153092e-03 -2.881937165111668909e-03 -6.238914560098786713e-03 5.677760483292579145e-03 -1.106685946698132694e-03 -7.511441832164558394e-03 1.947831959834427779e-02 -1.272839218855102705e-02 -1.000785619556535805e-02 -2.070203396319423520e-03 6.943618690425024586e-04 -7.656458171972057788e-03 1.381471226317749525e-02 -2.243998977466559169e-03 1.455001913984073705e-02 -2.837538177352389411e-03 1.681036336376253229e-02 -4.563141954845035229e-03 1.016005572966252948e-03 -7.088278348262666909e-03 -1.755363619290500193e-02 1.723231400582248343e-04 1.079280177403945003e-03 -4.250004620878974904e-03 -1.623156991869897925e-02 -5.560775928136660849e-04 -5.146341545238465078e-03 -6.237728267603868428e-03 3.950030208700067852e-04 2.745950251228597774e-02 -8.801236125854070697e-03 3.922139552778822549e-03 -1.079504295658981899e-03 1.394839109166062449e-02 -2.020640313203072181e-03 -1.619681307991857047e-03 -7.502466298109949222e-03
1.028952711318593949e-02 -1.225608930102074084e-02 -2.614178435305771625e-02 -1.278508626914520024e-02 -5.200695361344695455e-03 -2.623694526234743654e-02 -3.609995697812220378e-02 -5.320021228420231119e-02 -3.224101696329749554e-03 -3.037063080931213244e-01 -3.943347098432345432e-02 -5.835377300120231370e-02 9.791547482191894636e-01 -3.496573408525837940e-03 -4.736939576859251766e-02 -2.357151519936338119e-02 -2.523721190249987589e-02 -1.029769849353102257e-02 -1.118915333082673956e-02 -1.640110738129366488e-02 -1.574073301823222110e-02 -1.634194607856664233e-02 -5.212566633778997240e-03 -8.859668215871158853e-03 1.994970472358545063e-02 1.027381163179750256e-01 -4.575434707916892219e-02 6.751739745210788568e-02 -3.159781967557481145e-03 7.751788450101679794e-03 1.393416060832581779e-02 2.016488065906027471e-02 6.033701578437127011e-04 -1.067345307405967447e-02 2.562610103599928871e-03 -2.214386037197465205e-03 5.051346562644720706e-03 -9.992843709579200470e-03 5.034169018018370273e-02 -3.073794900570462740e-03 -4.849264121061670763e-02 8.315652469826701615e-03 -2.181830711210578505e-02 -3.421809975986182112e-02 -4.242247269486281586e-02 5.562745135897449993e-04 -1.259222953959169417e-02 1.129365706767342104e-01 1.017715555664439053e-01 -6.700716632527521643e-02 1.897436059036947814e-02 -1.821472358529993216e-02 -4.748826922560928088e-02 -1.282662712650019590e-02 1.901488324588397616e-02 -1.565549591803567370e-02 -1.511363047608329374e-02 1.653297536462981776e-02 5.112020782092806422e-03 2.203063879894158299e-03 1.608367655320548650e-02 2.135854742330993428e-02 -1.156950138807744631e-02 -2.342321949603373005e-02 -5.289076384193550431e-03 -6.277138279109342224e-03 1.862222055086985156e-02 -3.809594601758655406e-03 -1.090128645019697307e-02 -8.668743770340679722e-03 -4.928805461722914755e-03 -1.068665103260212079e-02 -1.413448392820011203e-03 -8.635905149789011200e-04 -2.688790585227578134e-03 -5.908452818881724383e-03 -8.937795386215094742e-03 1.818946538646090943e-03 -1.456366479299054393e-03 4.641560619678852806e-03 8.634018841851923490e-03 -3.791625787200339926e-03 2.322887418191770664e-02 -2.597707741282997973e-03 -5.195635792624431898e-03 -1.726521936508691301e-03 -3.382190553893432185e-03 -1.440913613164045842e-03 -4.965033396886945824e-03 -2.335717231615103140e-02 -5.484090497104820473e-03 4.632152402794766782e-03 -5.874749731367111261e-03 -9.151075206361592579e-03 -8.763577224348083339e-03 -1.325031177950091680e-03 -3.122740474739433680e-04 4.364661772293120662e-03 -9.983087798444496147e-03 1.520819101417358182e-02 2.588179079065485843e-03 2.825162673959536602e-03 2.237893023589157884e-02 -5.755221218495819996e-03 -5.175361959990498403e-03 -5.677298418782394072e-03
1.611138213690243431e-02 -2.687376189246321522e-04 9.011090477674266056e-04 6.127812693452722821e-04 -2.376150245588961544e-03 -3.233946697758134387e-03 -2.558448249926251628e-03 -4.415273393088585061e-03 -3.984309234162285379e-04 -2.819289913826838676e-02 -1.971056607551656230e-03 -4.970327351453210363e-03 -3.496573408525837940e-03 8.729652525012642217e-01 -5.146900754034329159e-03 -3.777275590205503037e-03 -4.429286600115811372e-03 -2.516625746932161286e-03 -1.630239187441263806e-03 -2.325543590603322119e-03 8.647581311439509269e-03 -2.896019957099543827e-03 5.974284586277364174e-03 -3.730724142984611497e-03 -6.208442236784792075e-03 -7.132562841921997240e-04 7.350912481562040489e-03 -2.527747338966842769e-03 -9.094914996030125081e-04 -8.674541081222192189e-04 1.483241147869752844e-03 -8.524325187840598242e-03 -3.551857056265527888e-04 7.619136781019685868e-03 1.214564627140798415e-02 -5.353648746018972206e-03 -4.067196335016338808e-03 5.712399035301771871e-03 7.995531268714405060e-03 -3.253341429178484398e-04 -2.032290390990909752e-03 -4.684857081733572771e-03 4.411078321167295063e-02 3.560729836317457018e-03 -5.354114551942895130e-03 -2.171371498333983952e-03 -1.542528075140407393e-03 -5.088154885715140234e-03 -2.273184845280214889e-03 -6.173076268334395933e-03 -2.781831533413696694e-03 -4.390641947647779507e-03 -5.162773857396401982e-03 -8.268853544575996330e-04 -1.245198439155412000e-02 -3.994798168556346757e-03 8.085074159852580211e-03 2.993531709358638465e-03 1.264995554211714897e-02 -2.052090027965731197e-03 6.296989930849156668e-03 -1.243660673560134048e-03 -1.883559729228874912e-03 -1.009786246240507515e-03 -3.742387251093368767e-04 -9.756821680800126500e-04 -7.994103720849394298e-04 -9.378222679076029427e-04 -9.512114838668998731e-04 -1.029623219449298270e-03 -4.831443895851358201e-04 -1.201746842465342994e-03 -9.274746187385134047e-04 -4.965199097207067050e-04 -1.017840523896324434e-03 -4.887469432815992870e-04 -1.036942204833407079e-03 -7.695118752325925222e-04 -1.799761595117774433e-04 -4.830206732648365886e-04 -4.272938848820085180e-04 -3.716727593974926717e-04 -7.627773294586952073e-04 -4.688965004889558935e-04 -5.031797496374507215e-04 -7.033041812016907783e-04 -1.172476597890480168e-03 -6.573460756897572550e-04 -5.255050961384537559e-04 -3.170825326080818109e-03 -6.173645599347982009e-04 -4.128968612517876051e-04 -6.637067514004261646e-04 1.995141284598330594e-02 -8.111241603712479467e-04 -6.380713009171048566e-04 -1.262829796880857126e-03 -3.535385534136129796e-04 -9.577416019469438052e-04 -5.807863231395827110e-04 -4.272938848820191974e-04 -5.196847635205899263e-04 1.078261412941126885e-03 -1.107181574612133316e-03 -3.753607829561698798e-04 -2.487187154181354828e-03
